10
0 20308 26906 26759 27825 27940 26660 28169 28251 29029
20308 0 3652 4123 5531 6123 7321 7513 8461 9031
26906 3652 0 2413 3123 4321 5161 6132 7456 8513
26759 4123 2413 0 4312 5131 6132 7432 8131 6133
27825 5531 3123 4312 0 5132 6133 7531 7132 6133
27940 6123 4321 5131 5132 0 6513 7231 7613 7732
26660 7321 5161 6132 6133 6513 0 5231 6132 4132
28169 7513 6132 7432 7531 7231 5231 0 3565 6421
28251 8461 7456 8131 7132 7613 6132 3565 0 3513
29029 9031 8513 6133 6133 7732 4132 6421 3513 0

Mount Elbert
Denali
Cho Oyu
Manaslu
Makalu
Lhotse
Nanga Parbat
Kangchenjunga
K2
Mount Everest
