15
0 720 439 551 1293 215 310 1074 640 1498 950 865 216 982 1101 
720 0 531 232 1161 632 594 382 180 1366 299 639 636 282 733
439 521 0 479 846 228 142 790 368 1051 592 385 232 698 639   
551 482 231 0 1280 491 473 619 291 1485 537 758 503 519 971
1293 1280 847 1151 0 1071 984 1219 1037 236 972 524 1075 1124 438
215 1080 492 226 615 0 97 881 462 1285 710 645 5 789 882
310 97 993 473 139 584 0 850 431 1197 643 547 101 759 786          
1074 850 888 1251 621 787 382 0 436 1475 279 837 892 93 813         
640 435 432 470 1036 292 372 169 0 1241 316 514 474 343 710          
1498 1243 1445 1190 1276 236 1486 1053 1357 0 1198 730 1280 1350 664            
950 1195 317 279 643 710 972 516 588 286 0 575 731 182 533          
865 576 728 515 836 537 623 524 758 399 626 0 627 75 244            
216 649 714 1287 466 885 99 5 1083 496 229 619 0 794 886               
982 801 756 183 1377 346 92 759 796 1154 523 697 284 0 715             
1101 716 866 244 534 663 710 814 775 862 439 952 638 722 0            



Boston  MA
Detroit  MI
Washington D.C.
Toronto  ON
Orlando  FL
New York  NY
Philadelphia  PA
Milwaukee  WI
Cleveland  OH
Miami  FL
Indianapolis  IN
Charlotte  NC
Brooklyn  NY
Chicago  IL
Atlanta  GA
